Insertion Média
N;100;200;300;400;500;600;700;800;900;1000;
Tempo;0.5211441516876221;1.454102873802185;2.518342892328898;4.107453107833862;6.479561281204224;9.465867082277933;12.923751320157733;16.838078260421753;21.07730433675978;25.96244397163391;
Comparacoes;2535.319;6320.0975;11769.244333333334;18874.123;27647.1688;38104.62;50211.868428571426;63994.348875;79440.107;96546.3547;
Trocas;2534.332;6319.1465;11768.303;18873.20375;27646.2278;38103.68083333333;50210.92614285714;63993.388625;79439.14988888889;96545.4055;


Insertion Devio Padrão
N;100;200;300;400;500;600;700;800;900;1000;
Tempo;2.453316537004433;3.9373101085549913;5.137493346829988;6.384368888555472;8.006242214542176;10.353806703169537;12.971157134440734;16.188202636384133;20.236434369856465;25.839705483949032;
Comparacoes;170.25035807135149;3802.331147608241;8324.033917690107;14279.478986762953;21720.22021240859;30675.227797029776;41078.62870119377;52992.474179697194;66386.29373625097;81259.30325546888;
Trocas;170.96456550600962;3802.409949064947;8324.08008941345;14279.539451868719;21720.222698589496;30675.23420038558;41078.63159695193;52992.446098989254;66386.28128399518;81259.3102682493;


Selection Média
N;100;200;300;400;500;600;700;800;900;1000;
Tempo;0.5237545967102051;1.1357685327529907;2.1165629227956138;3.5087088346481323;5.3542571544647215;7.790189544359843;10.560798338481359;13.73382893204689;17.272067546844482;21.16274275779724;
Comparacoes;5050.0;12575.0;23433.333333333332;37625.0;55150.0;76008.33333333333;100200.0;127725.0;158583.33333333334;192775.0;
Trocas;94.299;144.016;193.751;243.51975;293.3348;343.1765;393.05514285714287;442.960625;492.8595555555556;542.7694;


Selection Devio Padrão
N;100;200;300;400;500;600;700;800;900;1000;
Tempo;2.381848515317439;3.4660112166610326;4.764688250346877;5.990286686101316;7.264688895708181;9.0071507146495;11.09744718430086;13.578401139744832;16.968247241718085;21.2424922801252;
Comparacoes;0.0;7526.881955762824;16542.32264128376;28453.128477023973;43317.20531215294;61149.90650633334;81957.12029519468;105741.59912599779;132504.80390580976;162247.58257923377;
Trocas;1.9321833071249497;49.77063694741194;81.25058493030795;111.28652561129361;140.8422479823552;170.1587484704541;199.36758016533867;228.50647797363922;257.5559424758751;286.5705816957888;


Merge Média
N;100;200;300;400;500;600;700;800;900;1000;
Tempo;0.14443445205688477;0.3120889663696289;0.568310022354126;0.743546187877655;1.0090090751647949;1.2537809213002522;1.5085594313485282;1.7191275656223297;1.9338661829630535;2.1853408575057984;
Comparacoes;542.013;911.9935;1307.2686666666666;1720.897;2147.6412;2588.6021666666666;3040.266285714286;3500.214625;3967.900111111111;4441.8668;
Trocas;542.013;911.9935;1307.2686666666666;1720.897;2147.6412;2588.6021666666666;3040.266285714286;3500.214625;3967.900111111111;4441.8668;


Merge Devio Padrão
N;100;200;300;400;500;600;700;800;900;1000;
Tempo;1.3458396204482908;1.8101436693855595;2.584707734453475;2.9223162334355157;3.407877674760025;3.845259221755185;4.208735282522808;4.50303673262378;4.732960849135217;4.988971099848731;
Comparacoes;5.729193194041782;370.1402563386366;635.5671380852646;903.5282520300923;1175.4480926464832;1457.3233806541632;1744.867821738074;2035.9358113382623;2331.1998644953496;2629.2626992926985;
Trocas;5.729193194041782;370.1402563386366;635.5671380852646;903.5282520300923;1175.4480926464832;1457.3233806541632;1744.867821738074;2035.9358113382623;2331.1998644953496;2629.2626992926985;


Heap Média
N;100;200;300;400;500;600;700;800;900;1000;
Tempo;0.3018615245819092;0.4731440544128418;0.6690480709075928;0.8696021437644958;1.1437850952148438;1.5101717710494995;1.8251336642674036;2.233891487121582;2.5762200355529785;2.909921383857727;
Comparacoes;1258.554;2086.979;2963.62;3880.0555;4819.8512;5788.037666666667;6779.471714285714;7788.67175;8811.771777777778;9846.4062;
Trocas;579.277;968.4895;1381.81;1815.02775;2259.9256;2719.0188333333335;3189.735857142857;3669.335875;4155.885888888889;4648.2031;


Heap Devio Padrão
N;100;200;300;400;500;600;700;800;900;1000;
Tempo;1.8722393298059468;2.2475427250553643;2.749152946901592;3.098109623217904;3.5645832134441893;4.150781525248657;4.560584490648712;5.019453939563819;5.335621952672722;5.616694005342962;
Comparacoes;15.488608103408744;828.8581413415901;1412.676880107126;2004.256624056291;2597.5494322282198;3210.9913579502786;3838.757805479132;4474.858042727689;5116.075136274242;5761.246230323274;
Trocas;7.744304051704372;389.4300730306274;665.5245010670216;946.2541546599621;1228.100511455754;1520.158750893022;1819.4521348342719;2122.9530816851225;2429.0375521372725;2737.1163673200317;


Quick Média
N;100;200;300;400;500;600;700;800;900;1000;
Tempo;0.18077373504638672;0.2692077159881592;0.34169356028238934;0.44431185722351074;0.5898900508880616;0.7769286632537842;0.9059264659881592;1.019213318824768;1.1854716406928167;1.3287830829620362;
Comparacoes;649.712;1108.57;1602.3383333333334;2120.4855;2661.852;3214.1511666666665;3786.253;4371.456875;4968.7771111111115;5574.4601;
Trocas;418.917;693.0455;985.1463333333334;1292.1625;1609.914;1932.7653333333333;2263.6175714285714;2603.647125;2949.215;3298.2069;


Quick Devio Padrão
N;100;200;300;400;500;600;700;800;900;1000;
Tempo;1.4846977674394868;1.7385107235871178;1.9692222887723523;2.253995858971975;2.632693355418876;3.0503976024842467;3.2956151205082214;3.5062815587558473;3.7627353453366066;3.9521624331524854;
Comparacoes;59.37481304749028;468.72276733300293;803.6213372074528;1142.590444131451;1495.893380123376;1847.624358180923;2217.910186592417;2595.77028096847;2980.415965864391;3367.299629864816;
Trocas;58.098378054232555;289.52778208325554;486.76685957285025;689.045733314845;895.741997759015;1100.5433615022373;1311.8316322428211;1531.366988089645;1752.6365991469172;1974.6670433482227;


Tempo Média
N;100;200;300;400;500;600;700;800;900;1000;
Insertion;0.5211441516876221;1.454102873802185;2.518342892328898;4.107453107833862;6.479561281204224;9.465867082277933;12.923751320157733;16.838078260421753;21.07730433675978;25.96244397163391;
Selection;0.5237545967102051;1.1357685327529907;2.1165629227956138;3.5087088346481323;5.3542571544647215;7.790189544359843;10.560798338481359;13.73382893204689;17.272067546844482;21.16274275779724;
Merge;0.14443445205688477;0.3120889663696289;0.568310022354126;0.743546187877655;1.0090090751647949;1.2537809213002522;1.5085594313485282;1.7191275656223297;1.9338661829630535;2.1853408575057984;
Heap;0.3018615245819092;0.4731440544128418;0.6690480709075928;0.8696021437644958;1.1437850952148438;1.5101717710494995;1.8251336642674036;2.233891487121582;2.5762200355529785;2.909921383857727;
Quick;0.18077373504638672;0.2692077159881592;0.34169356028238934;0.44431185722351074;0.5898900508880616;0.7769286632537842;0.9059264659881592;1.019213318824768;1.1854716406928167;1.3287830829620362;


Trocas Média
N;100;200;300;400;500;600;700;800;900;1000;
Insertion;2534.332;6319.1465;11768.303;18873.20375;27646.2278;38103.68083333333;50210.92614285714;63993.388625;79439.14988888889;96545.4055;
Selection;94.299;144.016;193.751;243.51975;293.3348;343.1765;393.05514285714287;442.960625;492.8595555555556;542.7694;
Merge;542.013;911.9935;1307.2686666666666;1720.897;2147.6412;2588.6021666666666;3040.266285714286;3500.214625;3967.900111111111;4441.8668;
Heap;579.277;968.4895;1381.81;1815.02775;2259.9256;2719.0188333333335;3189.735857142857;3669.335875;4155.885888888889;4648.2031;
Quick;418.917;693.0455;985.1463333333334;1292.1625;1609.914;1932.7653333333333;2263.6175714285714;2603.647125;2949.215;3298.2069;


Comparacoes Média
N;100;200;300;400;500;600;700;800;900;1000;
Insertion;2535.319;6320.0975;11769.244333333334;18874.123;27647.1688;38104.62;50211.868428571426;63994.348875;79440.107;96546.3547;
Selection;5050.0;12575.0;23433.333333333332;37625.0;55150.0;76008.33333333333;100200.0;127725.0;158583.33333333334;192775.0;
Merge;542.013;911.9935;1307.2686666666666;1720.897;2147.6412;2588.6021666666666;3040.266285714286;3500.214625;3967.900111111111;4441.8668;
Heap;1258.554;2086.979;2963.62;3880.0555;4819.8512;5788.037666666667;6779.471714285714;7788.67175;8811.771777777778;9846.4062;
Quick;649.712;1108.57;1602.3383333333334;2120.4855;2661.852;3214.1511666666665;3786.253;4371.456875;4968.7771111111115;5574.4601;


Tempo Devio Padrão
N;100;200;300;400;500;600;700;800;900;1000;
Insertion;2.453316537004433;3.9373101085549913;5.137493346829988;6.384368888555472;8.006242214542176;10.353806703169537;12.971157134440734;16.188202636384133;20.236434369856465;25.839705483949032;
Selection;2.381848515317439;3.4660112166610326;4.764688250346877;5.990286686101316;7.264688895708181;9.0071507146495;11.09744718430086;13.578401139744832;16.968247241718085;21.2424922801252;
Merge;1.3458396204482908;1.8101436693855595;2.584707734453475;2.9223162334355157;3.407877674760025;3.845259221755185;4.208735282522808;4.50303673262378;4.732960849135217;4.988971099848731;
Heap;1.8722393298059468;2.2475427250553643;2.749152946901592;3.098109623217904;3.5645832134441893;4.150781525248657;4.560584490648712;5.019453939563819;5.335621952672722;5.616694005342962;
Quick;1.4846977674394868;1.7385107235871178;1.9692222887723523;2.253995858971975;2.632693355418876;3.0503976024842467;3.2956151205082214;3.5062815587558473;3.7627353453366066;3.9521624331524854;


Trocas Devio Padrão
N;100;200;300;400;500;600;700;800;900;1000;
Insertion;170.96456550600962;3802.409949064947;8324.08008941345;14279.539451868719;21720.222698589496;30675.23420038558;41078.63159695193;52992.446098989254;66386.28128399518;81259.3102682493;
Selection;1.9321833071249497;49.77063694741194;81.25058493030795;111.28652561129361;140.8422479823552;170.1587484704541;199.36758016533867;228.50647797363922;257.5559424758751;286.5705816957888;
Merge;5.729193194041782;370.1402563386366;635.5671380852646;903.5282520300923;1175.4480926464832;1457.3233806541632;1744.867821738074;2035.9358113382623;2331.1998644953496;2629.2626992926985;
Heap;7.744304051704372;389.4300730306274;665.5245010670216;946.2541546599621;1228.100511455754;1520.158750893022;1819.4521348342719;2122.9530816851225;2429.0375521372725;2737.1163673200317;
Quick;58.098378054232555;289.52778208325554;486.76685957285025;689.045733314845;895.741997759015;1100.5433615022373;1311.8316322428211;1531.366988089645;1752.6365991469172;1974.6670433482227;


Comparacoes Devio Padrão
N;100;200;300;400;500;600;700;800;900;1000;
Insertion;170.25035807135149;3802.331147608241;8324.033917690107;14279.478986762953;21720.22021240859;30675.227797029776;41078.62870119377;52992.474179697194;66386.29373625097;81259.30325546888;
Selection;0.0;7526.881955762824;16542.32264128376;28453.128477023973;43317.20531215294;61149.90650633334;81957.12029519468;105741.59912599779;132504.80390580976;162247.58257923377;
Merge;5.729193194041782;370.1402563386366;635.5671380852646;903.5282520300923;1175.4480926464832;1457.3233806541632;1744.867821738074;2035.9358113382623;2331.1998644953496;2629.2626992926985;
Heap;15.488608103408744;828.8581413415901;1412.676880107126;2004.256624056291;2597.5494322282198;3210.9913579502786;3838.757805479132;4474.858042727689;5116.075136274242;5761.246230323274;
Quick;59.37481304749028;468.72276733300293;803.6213372074528;1142.590444131451;1495.893380123376;1847.624358180923;2217.910186592417;2595.77028096847;2980.415965864391;3367.299629864816;


